32
16
17
24
50
15
10
13
13
15
16
21
20
8
25
8
30
21
24
15
20
12
21
20
19
54
27
31
13
23
25
37
9
18
69
59
12
19
22
28
27
14
43
34
38
22
42
33
31
62
11
25
13
24
50
26
15
48
19
22
16
11
18
47
30
44
39
19
46
17
75
66
29
92
25
20
23
16
41
22
118
16
119
29
48
55
37
15
40
47
18
57
50
56
15
39
51
17
33
24
67
24
51
55
32
22
13
21
34
46
25
34
26
32
18
35
42
39
60
24
42
58
67
117
25
22
45
38
46
10
52
39
76
130
52
39
21
47
25
63
33
64
68
64
159
51
37
22
108
102
48
101
48
118
20
100
52
127
55
107
62
119
48
77
81
81
39
51
97
70
49
29
70
56
90
70
61
145
92
74
172
113
58
71
104
18
75
98
90
82
82
49
63
82
48
44
20
116
95
100
86
83
141
123
74
68
127
83
64
67
77
114
59
64
93
101
119
62
117
139
145
131
73
104
72
54
98
136
86
44
130
102
115
76
77
75
75
86
116
64
75
147
199
165
80
70
77
92
130
135
105
147
160
107
138
142
199
149
73
107
134
107
162
106
88
83
199
94
152
111
80
105
147
91
102
52
163
52
151
155
108
102
149
59
177
94
95
185
66
114
57
102
85
97
50
94
65
67
56
49
158
58
108
97
151
94
65
87
66
62
65
69
78
136
166
52
35
107
41
35
18
44
51
72
102
40
51
41
81
46
90
69
55
81
49
72
69
101
86
94
73
149
199
122
124
127
97
125
131
111
116
126
159
122
139
148
152
118
172
182
118
142
117
135
123
91
97
150
129
133
103
108
107
131
123
138
101
102
131
114
180
138
119
141
126
135
116
84
96
92
106
82
77
85
69
68
62
59
52
52
69
61
64
143
109
136
127
109
123
147
112
79
119
95
141
145
139
199
128
129
129
120
119
96
97
105
99
19
13
9
11
8
9
7
10
10
8
8
9
8
8
9
8
9
8
8
10
11
21
107
137
199
185
199
199
199
199
199
199
199
199
199
199
199
199
